  iter=           1  dtot_p=  0.11320841      red=   0.0000000    
  iter=           1  dtot_s=  0.16535608      red=   0.0000000    
 ___________________________________________________
  nsrces=         869  nray_p=        8350  nray_s=        4489
