  iter=           1  dtot_p=  0.10395814      red=   0.0000000    
  iter=           1  dtot_s=  0.23010793      red=   0.0000000    
 ___________________________________________________
  nsrces=         872  nray_p=        8385  nray_s=        4508
